MA MARUF|1|0.0|0|0|0|0
FS.RIDOY|1|0.0|0|0|0|0
M MARUF|1|0.0|0|0|0|0
XIX.HASHIBUR|1|0.0|0|0|0|0
RIYAD|1|0.0|0|0|0|0
J.N NIROB|1|0.0|0|0|0|0
SHAHED|1|0.0|0|0|0|0
JOBAER|1|0.0|0|0|0|0
MUSFIQUR|1|1.0|6|0|0|26
SAIKOT. YT|1|0.0|0|0|0|0
ROCKY|1|0.0|0|0|0|0
MAHI|1|0.0|0|0|0|0
KARIMUL|2|1.0|6|0|0|24
FARID|2|0.0|0|0|0|0
RONJU|2|2.0|12|0|0|68
ROYAL|2|0.0|0|0|0|0
BIPLOB|2|1.0|6|0|0|36
RABBU|2|1.0|6|1|6.0|30
TANZIR|2|0.0|0|0|0|0
ARSHAD|2|0.0|0|0|0|0
SAZAL|2|1.0|6|0|0|22
SD-ROCKY|2|0.0|0|0|0|0
SD-PAPPU|2|0.0|0|0|0|0
MASUD|2|0.0|0|0|0|0
ANWAR|2|0.0|0|0|0|0
RANA|3|0.0|0|0|0|0
SULTAN|2|0.0|0|0|0|0
SHIBLO|2|1.0|6|0|0|24
SAKHAWAT|2|0.0|0|0|0|0
RASEL|3|1.0|6|0|0|30
KHORSHED|2|0.0|0|0|0|0
NAZMUL|3|0.0|0|0|0|0
NISHAD|2|0.0|0|0|0|0
PIYASH|2|0.0|0|0|0|0
MUNNA (C)|2|1.0|6|0|0|36
MEHEDI (VC)|2|3.0|18|2|9.0|46
SWEIT|2|1.0|6|0|0|5
SAIFUL|2|1.0|6|0|0|17
SHAKIL|2|0.0|0|0|0|0
SOYKOT|2|0.0|0|0|0|0
POLASH|2|0.0|0|0|0|0
MANOSH|2|0.0|0|0|0|0
DIPU|2|0.0|0|0|0|0
RONY|2|0.0|0|0|0|0
BAYJIT|2|0.0|0|0|0|0
JAHANGIR|2|0.0|0|0|0|0
JAHID|2|0.0|0|0|0|0
MARUF|2|1.0|6|0|0|17
SUJON|2|0.0|0|0|0|0
RUBEL|1|0.0|0|0|0|0
PIYAS|1|0.0|0|0|0|0
MIR|1|0.0|0|0|0|0
PALLAB|1|0.0|0|0|0|0
SHAHID|1|0.0|0|0|0|0
DEBASHISH|1|0.0|0|0|0|0
RAJU|1|0.0|0|0|0|0
SOHAN|1|0.0|0|0|0|0
TANIM|1|0.0|0|0|0|0
NIRZOR|1|0.0|0|0|0|0
SETU|1|0.0|0|0|0|0
ALAHE|1|0.0|0|0|0|0
JAHURUL|1|0.0|0|0|0|0
